1111111111111111111111111111
1111110011111111110000000001
1111110011111111110011111111
1000000000000000000011111111
1000000000000000000011111111
1110011111111111110011111111
1110011111111111110000000001
1110000000000000000000000001
1110011111111001111111110111
1110011111111001111111110111
1110011111111001111111110111
1110011111111001111111110111
1110011111111001111111110111
1110011111111111111100000111
1110011111111111111101110111
1000000000000000000000000001
1110111001111110111111111111
1110111001111110111111111111
1110111001111110111111111111
1000000001111110111111111111
1110111001111110000000000001
1110111001111110000001111111
1110111001111111111101111111
1000000001111111111100000001
1000000000000000000000000001
1111111100000011111111001111
1111111111110011111111001111
1111111111110011111111001111
1111111111110011111111000001
1111111111111111111111111111